n 75
m 37
matrice d_ij 37 75
28 9 28 38 44 9 10 20 39 30 43 7 5 26 28 15 15 11 27 29 4 29 24 33 21 48 43 27 27 30 15 10 29 24 38 45 22 2 14 10 7 36 23 35 36 26 12 32 22 34 33 33 41 9 16 34 43 8 21 45 26 20 44 14 2 14 24 41 17 25 44 35 21 30 26 
14 36 34 12 25 28 35 14 30 21 34 25 32 18 7 28 17 28 5 38 27 35 36 27 12 29 21 2 11 5 22 18 12 13 12 22 4 24 38 16 26 12 9 30 28 0 32 25 15 20 11 12 16 18 32 26 46 21 9 21 9 16 39 23 28 39 16 18 9 20 45 10 15 37 33 
28 24 16 29 28 12 21 5 23 35 27 21 22 30 25 9 21 11 22 20 20 17 17 16 7 33 29 21 26 24 3 16 28 25 28 31 15 15 22 8 11 24 11 19 19 19 15 15 6 18 30 30 30 8 14 17 30 18 21 32 13 4 29 4 16 24 27 27 10 31 30 29 25 19 15 
37 33 10 32 23 20 29 11 13 44 16 32 32 40 32 14 32 18 30 15 31 10 15 6 13 27 26 27 35 31 11 28 37 35 30 29 23 26 28 20 20 25 16 8 9 26 21 5 10 13 37 37 30 20 17 8 20 30 30 31 16 10 17 12 26 32 37 25 20 41 20 34 35 13 10 
44 8 27 53 54 13 6 31 45 47 48 22 13 43 44 18 32 15 43 25 18 28 20 38 33 58 55 42 44 46 22 26 46 40 52 57 37 19 3 24 15 49 36 39 41 41 11 37 32 43 49 49 55 22 14 40 41 24 38 58 39 30 47 21 13 2 40 53 31 42 42 51 38 28 25 
43 34 6 37 26 22 31 16 13 49 15 35 34 45 38 15 37 19 35 11 34 6 13 7 18 30 30 33 40 36 14 32 42 40 35 32 28 30 28 24 23 30 21 6 10 31 22 8 15 17 42 43 35 23 17 10 15 34 35 35 21 15 15 15 29 32 42 29 25 46 15 40 40 8 7 
16 29 29 18 28 22 29 10 29 23 33 19 25 19 11 21 13 21 9 33 21 30 30 24 8 31 24 8 13 12 16 12 15 14 18 26 2 17 31 10 19 17 6 28 26 7 25 23 10 19 16 17 22 11 26 24 42 16 8 26 9 11 37 17 21 32 16 22 3 20 41 17 14 32 28 
9 29 43 28 44 29 31 26 46 9 50 15 24 5 14 32 6 30 15 46 19 44 42 41 25 47 39 17 10 18 28 12 12 6 29 41 16 19 35 18 26 30 23 44 43 18 32 40 27 37 17 16 34 20 36 41 58 13 9 39 26 27 54 29 24 35 3 37 17 4 57 22 3 46 41 
48 31 2 45 35 20 28 22 21 54 23 36 32 50 44 14 40 18 41 2 34 2 7 16 24 38 39 39 46 43 17 34 48 45 43 41 34 30 24 27 22 38 28 14 18 38 19 16 22 25 48 49 43 26 14 18 14 35 40 44 29 20 20 16 28 28 47 38 29 50 14 47 44 0 4 
23 32 24 19 21 22 30 5 21 30 25 25 29 27 18 19 21 21 15 28 26 24 26 17 2 25 20 13 20 16 14 18 22 21 18 22 9 21 31 13 20 14 1 20 18 11 25 15 4 12 22 23 20 14 24 16 35 22 16 22 3 6 29 15 24 34 24 17 8 28 34 20 22 27 23 
40 12 18 46 45 6 8 22 36 44 38 21 14 40 39 9 29 6 37 17 17 19 12 29 24 49 46 36 39 40 13 23 41 36 45 48 30 16 5 18 9 42 28 29 32 35 2 28 24 34 44 44 47 16 5 31 33 22 33 50 31 21 37 12 11 9 37 44 25 39 34 45 34 20 16 
17 20 35 31 42 19 21 20 42 19 46 5 15 15 18 23 4 20 18 37 9 36 33 36 20 46 39 19 17 22 20 3 19 13 31 41 16 8 25 11 16 31 20 39 38 19 23 34 22 33 23 23 36 11 26 36 50 3 12 41 24 21 48 21 14 25 12 37 13 14 50 27 10 38 33 
14 25 31 23 34 19 25 13 34 20 38 13 20 16 13 21 7 20 12 34 16 32 30 29 13 38 31 12 13 15 17 6 15 11 23 33 7 12 28 7 16 23 12 32 31 11 23 28 15 25 18 18 28 9 25 29 45 10 7 32 15 15 42 17 17 29 13 28 5 16 45 20 10 34 29 
18 19 30 29 38 15 19 15 37 22 41 8 15 18 18 19 7 16 17 33 10 31 28 31 15 42 36 17 18 21 15 2 20 14 29 38 13 7 23 5 12 28 16 33 33 17 19 29 17 29 23 23 33 6 22 31 45 5 12 37 20 16 43 16 12 23 15 33 9 18 45 26 12 33 28 
33 6 25 43 46 6 4 22 40 36 43 13 6 32 33 13 21 9 32 26 8 26 20 33 24 50 46 32 33 35 15 15 35 29 42 48 26 8 8 14 6 40 26 34 36 31 8 32 24 35 39 39 45 12 13 34 41 14 27 49 29 21 43 14 3 8 30 44 21 31 41 40 27 27 23 
36 40 19 25 14 27 37 13 8 43 12 36 38 40 30 22 34 25 27 24 36 18 24 5 13 18 18 24 33 27 18 30 34 34 24 20 21 31 36 23 27 18 14 9 5 23 29 4 11 4 33 34 22 24 26 3 25 33 29 22 12 12 17 19 33 40 37 16 20 41 24 30 35 21 19 
10 26 38 25 39 24 27 20 41 14 45 12 22 9 12 27 3 25 12 41 16 39 36 36 19 43 35 14 10 16 23 7 12 6 26 37 11 15 31 13 21 27 18 39 38 14 28 34 22 31 17 16 31 14 31 35 52 9 5 36 21 21 49 24 20 31 6 33 12 9 52 20 4 41 36 
9 42 44 11 31 37 43 24 39 16 43 29 38 15 4 37 20 37 6 48 33 45 46 36 22 34 25 7 7 4 32 23 6 12 12 26 13 30 46 24 34 16 19 40 37 9 41 35 25 28 1 3 18 26 42 35 55 26 11 23 19 26 48 33 35 47 14 23 18 17 55 4 15 47 43 
37 25 8 35 30 12 22 12 21 43 24 26 24 38 33 6 29 10 30 12 24 9 9 14 14 35 33 29 35 32 6 23 37 34 34 35 23 20 20 16 13 30 18 15 17 27 13 13 12 20 38 38 35 15 9 16 23 25 29 37 19 10 24 5 19 23 35 31 18 39 23 37 33 11 6 
23 20 23 28 33 12 19 8 29 28 33 14 17 24 21 12 14 11 19 26 14 24 22 23 9 37 32 18 21 22 8 9 24 20 28 34 12 10 21 1 9 25 11 26 26 17 15 22 10 22 26 26 31 2 16 24 37 12 15 34 15 9 36 9 12 23 21 29 6 24 37 27 18 26 21 
43 21 9 44 39 11 17 20 28 48 31 28 23 44 40 7 33 9 38 8 25 11 3 22 23 44 42 37 41 40 12 27 43 40 43 44 31 22 14 21 14 39 26 22 25 35 9 21 21 29 45 46 45 19 4 24 24 28 35 46 28 19 29 11 19 18 41 40 25 44 25 45 38 11 8 
32 54 40 11 11 44 52 26 25 39 27 45 50 37 25 40 38 42 23 45 47 40 45 27 24 12 4 21 29 20 35 38 29 33 10 3 24 42 53 34 42 8 21 30 25 20 46 26 25 17 24 26 5 35 45 24 45 41 29 1 18 27 34 36 46 56 36 5 27 39 44 19 35 42 40 
23 13 32 36 45 14 14 21 42 25 46 2 8 21 25 20 11 16 24 34 3 34 29 36 22 49 43 25 23 28 18 6 25 19 36 45 20 3 19 11 12 36 23 38 38 24 18 34 23 35 30 30 41 10 22 36 48 3 18 45 27 22 48 18 8 18 19 41 16 20 48 33 17 35 30 
28 41 27 16 12 30 39 12 17 36 20 34 38 33 21 26 29 28 19 31 35 27 31 15 10 16 11 16 25 18 21 27 26 27 14 13 15 30 39 22 28 8 9 18 15 14 32 14 11 6 24 25 14 23 31 13 34 30 22 15 5 13 26 22 33 42 30 9 16 34 33 20 28 29 26 
51 39 8 45 31 27 35 25 16 58 17 43 40 54 46 21 45 25 44 10 40 7 15 13 26 34 37 41 49 44 22 40 51 49 43 39 37 37 32 32 29 38 30 10 15 40 26 14 24 23 50 51 42 31 21 16 7 41 44 42 30 23 12 22 35 36 51 36 33 54 7 48 48 7 10 
45 18 15 48 45 11 14 24 34 49 36 27 20 45 43 10 34 10 41 13 23 16 8 28 27 49 47 40 44 44 16 28 46 41 48 50 34 22 9 23 14 44 30 27 31 38 7 27 25 34 48 48 49 21 5 30 28 28 37 51 33 23 35 14 17 13 42 45 28 44 29 48 39 16 13 
4 41 47 18 38 37 42 28 45 9 48 27 36 9 6 39 17 38 9 51 31 48 48 41 26 40 31 11 4 10 34 21 2 8 19 32 16 29 46 25 34 23 22 45 42 13 41 40 28 34 5 3 24 27 43 40 60 24 10 30 24 29 54 35 34 46 10 30 20 11 59 10 11 50 46 
31 46 31 15 8 35 44 17 17 38 20 38 43 36 24 31 33 33 21 35 40 30 35 17 16 12 6 19 27 20 26 32 28 30 13 8 19 35 44 27 33 7 14 20 16 17 37 16 16 7 25 27 11 28 35 15 36 35 26 10 10 18 26 27 38 47 34 4 21 37 35 21 32 33 30 
9 33 36 16 31 27 33 17 35 16 39 21 29 13 5 28 12 27 3 40 24 37 37 31 15 34 26 4 6 7 23 14 8 8 16 27 4 21 36 15 24 17 12 34 32 5 31 29 17 24 10 10 21 17 32 30 49 17 3 26 14 18 43 24 26 37 11 24 9 14 48 12 9 39 35 
40 60 42 20 10 49 58 31 25 47 26 52 57 46 33 44 45 47 31 47 53 42 48 28 30 7 7 29 37 28 40 45 37 41 18 5 31 49 58 40 47 16 28 30 26 28 51 28 30 19 33 34 13 42 49 26 44 48 37 7 24 32 33 41 52 61 44 10 34 47 43 27 43 44 42 
48 47 19 36 18 34 43 23 3 55 2 46 46 51 41 27 45 32 39 22 45 18 26 8 24 21 25 36 45 38 26 41 46 46 34 26 33 41 41 33 34 28 26 6 6 34 34 9 22 14 44 46 32 33 30 8 16 43 41 30 24 22 5 26 41 45 49 24 31 52 15 41 46 19 20 
50 45 15 40 24 33 41 25 9 58 8 46 45 54 45 26 46 30 42 18 44 14 22 10 26 27 30 39 47 42 25 42 49 48 39 32 36 40 39 34 33 33 28 6 9 38 32 11 23 18 48 49 37 34 28 11 10 44 43 35 27 23 4 25 40 43 51 30 33 54 9 45 48 15 17 
37 49 29 20 3 37 46 20 12 44 15 43 46 42 30 32 38 35 27 34 43 29 35 15 19 8 8 25 33 26 28 36 34 36 19 10 24 39 46 30 36 13 18 17 13 23 39 15 18 7 31 33 15 31 36 12 32 40 31 13 15 20 21 28 41 49 39 8 25 43 31 27 38 31 29 
40 56 37 21 4 45 54 27 18 48 19 49 53 46 33 40 44 43 31 41 50 36 43 22 26 1 7 29 37 29 35 43 38 41 20 7 30 46 54 37 43 15 25 24 20 27 47 22 26 14 34 35 15 38 44 20 38 46 36 10 21 28 26 36 48 57 44 9 32 47 36 29 42 38 37 
23 44 34 7 15 34 43 17 24 31 28 35 40 29 16 32 28 33 14 39 37 34 38 23 15 18 10 12 20 12 26 28 21 24 6 11 14 33 44 24 32 1 12 27 23 11 37 22 16 14 17 19 7 26 37 21 42 31 20 11 9 19 34 27 36 46 27 7 17 30 41 13 26 37 34 
34 2 30 46 51 11 5 26 45 36 48 12 2 32 35 18 21 14 34 30 7 32 25 38 28 55 50 34 34 38 20 17 36 30 46 52 29 9 10 17 11 44 30 39 41 34 12 37 28 40 40 40 49 16 17 39 46 14 29 53 34 26 49 19 5 8 30 48 24 31 46 43 28 32 28 
3 36 42 17 35 32 37 23 41 11 44 22 31 9 3 33 12 32 5 46 26 43 43 37 21 38 30 8 0 8 28 17 2 4 18 31 11 24 40 20 29 21 18 40 38 9 36 35 23 30 7 6 23 21 38 36 55 19 5 29 20 24 49 29 29 41 7 28 15 10 54 11 7 45 41 
r_i 75
7000 9000 11000 10000 10000 5000 12000 5000 7000 8000 9000 9000 13000 9000 12000 5000 11000 10000 6000 8000 8000 8000 12000 8000 7000 9000 12000 8000 12000 8000 9000 12000 12000 5000 9000 6000 9000 9000 7000 9000 7000 13000 7000 8000 6000 5000 11000 7000 13000 8000 10000 8000 10000 10000 12000 8000 6000 7000 5000 13000 9000 6000 11000 9000 10000 10000 10000 11000 7000 5000 6000 8000 9000 5000 10000 
s_j 37
22000 16000 23000 18000 22000 23000 17000 20000 21000 18000 19000 19000 24000 15000 25000 15000 23000 17000 16000 19000 21000 15000 18000 18000 21000 22000 21000 19000 25000 16000 24000 15000 18000 18000 20000 22000 25000 
c 0.02
k 12
alfa_j 37
4200 2200 3200 4700 900 1600 4900 4700 4500 3300 4900 3000 4800 3200 2600 4400 2900 2700 4000 1100 2300 3800 4200 4700 800 500 1600 3200 4300 4600 3400 3400 3600 4400 4800 2000 1900 
h 9
x y 2 5
